20

0  8  23  10  1  22  2  12  25  4  28  18  28  18  11  19  28  19  11  28  
8  0  10  4  5  17  0  13  5  18  1  1  0  7  10  10  18  15  17  28  
23  10  0  15  24  29  2  26  13  3  13  20  15  29  21  19  29  24  16  6  
10  4  15  0  28  18  24  8  16  2  15  8  20  4  26  11  3  10  18  16  
1  5  24  28  0  25  28  4  16  13  28  0  23  5  9  19  24  23  0  4  
22  17  29  18  25  0  26  17  28  14  2  11  5  23  25  1  16  0  1  18  
2  0  2  24  28  26  0  17  1  12  9  21  26  22  23  14  29  19  8  0  
12  13  26  8  4  17  17  0  12  6  20  14  28  16  3  17  28  23  18  26  
25  5  13  16  16  28  1  12  0  16  16  0  9  9  14  7  7  6  6  2  
4  18  3  2  13  14  12  6  16  0  7  14  23  8  8  18  8  29  5  18  
28  1  13  15  28  2  9  20  16  7  0  16  28  26  3  15  29  16  0  25  
18  1  20  8  0  11  21  14  0  14  16  0  23  0  11  3  6  17  9  9  
28  0  15  20  23  5  26  28  9  23  28  23  0  2  6  21  22  4  25  1  
18  7  29  4  5  23  22  16  9  8  26  0  2  0  1  14  22  15  5  7  
11  10  21  26  9  25  23  3  14  8  3  11  6  1  0  29  1  1  2  29  
19  10  19  11  19  1  14  17  7  18  15  3  21  14  29  0  19  28  24  0  
28  18  29  3  24  16  29  28  7  8  29  6  22  22  1  19  0  22  27  15  
19  15  24  10  23  0  19  23  6  29  16  17  4  15  1  28  22  0  23  9  
11  17  16  18  0  1  8  18  6  5  0  9  25  5  2  24  27  23  0  16  
28  28  6  16  4  18  0  26  2  18  25  9  1  7  29  0  15  9  16  0  

0  26  23  16  27  18  11  12  22  4  3  1  16  8  14  27  14  11  8  19  
26  0  29  11  18  10  22  7  8  26  18  10  20  20  9  10  22  18  10  12  
23  29  0  22  24  23  28  4  22  17  24  20  6  2  23  4  17  29  27  0  
16  11  22  0  19  16  27  0  4  19  15  9  17  23  3  7  22  6  1  24  
27  18  24  19  0  21  20  13  23  14  9  0  27  17  4  28  13  28  29  26  
18  10  23  16  21  0  27  21  3  19  21  28  1  6  7  21  4  20  16  28  
11  22  28  27  20  27  0  1  12  21  1  18  7  19  0  29  29  17  26  25  
12  7  4  0  13  21  1  0  25  3  21  2  23  0  10  25  13  29  18  12  
22  8  22  4  23  3  12  25  0  18  5  23  0  6  18  2  7  27  2  19  
4  26  17  19  14  19  21  3  18  0  16  22  15  20  10  10  28  21  11  19  
3  18  24  15  9  21  1  21  5  16  0  21  3  0  21  12  15  27  13  22  
1  10  20  9  0  28  18  2  23  22  21  0  13  2  8  12  19  23  7  14  
16  20  6  17  27  1  7  23  0  15  3  13  0  7  1  7  9  28  28  16  
8  20  2  23  17  6  19  0  6  20  0  2  7  0  18  8  0  0  29  10  
14  9  23  3  4  7  0  10  18  10  21  8  1  18  0  18  9  8  15  3  
27  10  4  7  28  21  29  25  2  10  12  12  7  8  18  0  9  9  29  6  
14  22  17  22  13  4  29  13  7  28  15  19  9  0  9  9  0  13  17  18  
11  18  29  6  28  20  17  29  27  21  27  23  28  0  8  9  13  0  9  12  
8  10  27  1  29  16  26  18  2  11  13  7  28  29  15  29  17  9  0  6  
19  12  0  24  26  28  25  12  19  19  22  14  16  10  3  6  18  12  6  0  
